       0/9     2.55G   0.05044    0.0204   0.01384   0.08468         8       640 0.0007995   0.08333 0.0002064 2.064e-05   0.03813   0.01641  0.008879
       1/9     2.46G   0.04362   0.01972   0.01339   0.07673        12       640         0         0         0         0    0.0377   0.01665  0.008219
       2/9     2.46G   0.04195   0.01981   0.01323   0.07499        13       640  0.001349   0.08333 0.0003857 3.857e-05    0.0376   0.01721  0.008125
       3/9     2.49G   0.03732   0.01899   0.01076   0.06706        17       640  0.007515   0.08333  0.003978 0.0006676    0.0381   0.01743  0.007768
       4/9     2.49G   0.04234   0.01931   0.01246   0.07411         5       640  0.008721    0.1667  0.003667  0.000759   0.03821   0.01767  0.007549
       5/9     2.49G   0.04269   0.01983   0.01251   0.07503         8       640   0.01036      0.25  0.004946  0.000815   0.03898   0.01745  0.007434
       6/9     2.49G   0.04941   0.02044   0.01465    0.0845        10       640  0.003978      0.25  0.003028 0.0008185   0.03949   0.01737  0.007448
       7/9     2.49G   0.05305   0.02141   0.01491   0.08937        19       640  0.003705    0.1667  0.002456 0.0006097   0.03896   0.01738  0.007458
       8/9     2.49G   0.04252   0.01992   0.01246    0.0749        17       640   0.00431    0.1667  0.002814  0.000671   0.03959   0.01694  0.007424
       9/9     2.49G   0.04256   0.01902   0.01187   0.07344         6       640  0.004659    0.1667  0.002944 0.0007887   0.03926   0.01714  0.007392
